    1.0000    0.3297    0.2210    0.1056    0.1359
    4.0000    0.6275    0.6201    0.0598    0.0818
    5.0000    0.7042    0.6517    0.0777    0.1003
    4.0000    0.2829    0.5798    0.0538    0.0726
    3.0000    0.7759    0.6273    0.0618    0.0831
    6.0000    0.7615    0.9578    0.0747    0.0844
         0    0.7102    0.5752    0.2331    0.8496
    1.0000    0.7042    0.2197    0.1135    0.1359
    2.0000    0.7087    0.2975    0.0807    0.0884
    5.0000    0.3506    0.6108    0.0817    0.1029
    7.0000    0.6663    0.9261    0.0777    0.1003
    2.0000    0.3352    0.2929    0.0787    0.0923
    3.0000    0.4069    0.5950    0.0568    0.0765
    6.0000    0.4104    0.8879    0.0598    0.0792
    7.0000    0.3317    0.8661    0.0777    0.0910
         0    0.3496    0.5429    0.1932    0.7823
